[General]
FileVersion=65
NumberOfJoysticks=2
NumberOfButtons=32
DisplayMode=2
UseDiagonalInput=0
UsePOV8Way=0
RepeatSameKeyInSequence=0
Threshold=20
Threshold2=20
KeySendMode=0
SoundFile=
ImageFile=

[Joystick 1]
Axis1n=8, 50.000000, 50.000000, -29, 0, 0, 0, 0, 0, 0, 0.000, 0, 0  ##character movement left stick
Axis1p=8, 50.000000, 50.000000, 29, 0, 0, 0, 0, 0, 0, 0.000, 0, 0  ##character movement left stick
Axis2n=8, 50.000000, 50.000000, 0, -29, 0, 0, 0, 0, 0, 0.000, 0, 0  ##character movement left stick
Axis2p=8, 50.000000, 50.000000, 0, 29, 0, 0, 0, 0, 0, 0.000, 0, 0  ##character movement left stick
Axis3n=2,  -50,   0,   0, 0, 0, 0, 0.000, 0, 95, 1.7, 100, 0, 0, 0,    0  ##mouse movement right stick, accelerated when fully pressed
Axis3p=2,   50,   0,   0, 0, 0, 0, 0.000, 0, 95, 1.7, 100, 0, 0, 0,    0  ##mouse movement right stick, accelerated when fully pressed
Axis4n=2,    0, -50,   0, 0, 0, 0, 0.000, 0, 95, 1.7, 100, 0, 0, 0,    0  ##mouse movement right stick, accelerated when fully pressed
Axis4p=2,    0,  50,   0, 0, 0, 0, 0.000, 0, 95, 1.7, 100, 0, 0, 0,    0  ##mouse movement right stick, accelerated when fully pressed
Button01=7, 1, 0, 51:0:0:0, 0:0:0:0, 0:0:0:0, 0:0:0:0, 95, 100, 0.000, 0, 0, 20  ##A (Green)
Button02=1, 45:00:00:00, 0.000, 0, 0  ##B (Red)
Button05=1, 61:00:00:00, 0.000, 0, 0  ##Left Bumper - Macro: All Flasks
Button06=7, 3, 500, 46:0:0:0, 6E:0:0:0, 0:0:0:0, 0:0:0:0, 95, 100, 0.000, 0, 0, 20  ##Right Bumper - Short: F | Hold: Marcro: Movement Speed
Button08=7, 3, 500, 49:0:0:0, 47:0:0:0, 0:0:0:0, 0:0:0:0, 95, 100, 0.000, 0, 0, 20  ##Short: Inventory (I) | Hold: Atlas (G)
Button09=1, 09:00:00:00, 0.000, 0, 0  ##Left Stick Push Button
Button10=7, 8, 0, D:BF:48:49, 44:45:4F:55, 54:D:0:0, 0:0:0:0, 95, 100, 0.000, 0, 0, 20  ##Stick Press Right '/hideout'
Button11=1, 201:00:00:00, 0.000, 0, 0  ##L-Click
Button12=1, 203:00:00:00, 0.000, 0, 0  ##Short: R-Click
POV1-1=1, 62:00:00:00, 0.000, 0, 0  ##Up Arrow - Macro: Secondary Flasks
POV1-3=7, 3, 500, 32:0:0:0, 6B:0:0:0, 0:0:0:0, 0:0:0:0, 95, 100, 0.000, 0, 0, 20  ##Short: Flask 2 | Long: Map zoom in
POV1-5=7, 3, 500, 33:0:0:0, 22:0:0:0, 0:0:0:0, 0:0:0:0, 95, 100, 0.000, 0, 0, 20  ##Short: Flask 1 | Long: Zoom out
POV1-7=7, 3, 500, 34:0:0:0, 6D:0:0:0, 0:0:0:0, 0:0:0:0, 95, 100, 0.000, 0, 0, 20  ##Short: Flask 2 | Long: Map zoom out
Button04=1, 52:00:00:00, 0.000, 0, 0  ##Y (Yellow)
Button07=7, 1, 500, 11:0:0:0, 0:0:0:0, 0:0:0:0, 0:0:0:0, 95, 100, 0.000, 0, 0, 20  ##Middle Left
Button03=7, 1, 0, 57:0:0:0, 0:0:0:0, D:0:0:0, 0:0:0:0, 95, 100, 0.000, 0, 0, 20  ##X (Blue)
Button15=1, 43:00:00:00, 0.000, 0, 0  ##Alias: Middle Left + Middle Right

[ButtonAlias]
Button15=62, 63, -1

